# r: reconstructed, t: true linear density, i: input catalog.
# Columns:
# k Prr Ptt Prt Pii Pit
1.603647880256175995e-02 1.979266493055555475e+04 1.976683680555555475e+04 1.977915104166666424e+04 1.976173611111110949e+04 1.976259722222222263e+04
2.803309898703329126e-02 1.422470060483870839e+04 1.432618044354838639e+04 1.427318850806451519e+04 1.397531653225806440e+04 1.412891028225806440e+04
3.938500491940245124e-02 7.152889668367346530e+03 7.183223214285713766e+03 7.164030612244897384e+03 7.170582270408162913e+03 7.116908801020407736e+03
5.102674961090088168e-02 6.067105952380952658e+03 6.033608333333333576e+03 6.045748214285715221e+03 6.150904761904762381e+03 6.024346428571428987e+03
6.405812020812716445e-02 5.287534285714285943e+03 5.272993928571428114e+03 5.273780714285714566e+03 5.178835357142856992e+03 5.095827142857142462e+03
7.693041867680019963e-02 4.739290555555555329e+03 4.733265555555555693e+03 4.726158888888889123e+03 4.759244444444444525e+03 4.565722499999999854e+03
8.886614810687759602e-02 4.141959717607973289e+03 4.156598837209302474e+03 4.139039036544850205e+03 3.937428986710963727e+03 3.849360880398671270e+03
1.008461117744445801e-01 3.131855314960630039e+03 3.099479330708661564e+03 3.104698162729658634e+03 3.118591207349081287e+03 2.875239829396325604e+03
1.138185144853884195e-01 2.507325087565674494e+03 2.485596541155866817e+03 2.484952057793344920e+03 2.536480297723292551e+03 2.246505910683012189e+03
1.268368472337722819e-01 2.196097999999999956e+03 2.193022199999999884e+03 2.181959200000000237e+03 2.205307200000000194e+03 1.912052400000000034e+03
1.389997587200708928e-01 1.974153806584361973e+03 1.948567215363511423e+03 1.949167866941014836e+03 2.047331618655692637e+03 1.697333676268861382e+03
1.511625693217659161e-01 1.724395396912899741e+03 1.700002342888643852e+03 1.701071802646086098e+03 1.662538313120176326e+03 1.378923373759647120e+03
1.639253645177496110e-01 1.385267102846648186e+03 1.377159779614325089e+03 1.369522382920110203e+03 1.478307966023874997e+03 1.084771808999081713e+03
1.766045253524024250e-01 1.225814251401120828e+03 1.218896216973578703e+03 1.210793835068054250e+03 1.316356184947958354e+03 9.372223779023217958e+02
1.887042176555259743e-01 1.188127669717772733e+03 1.180699847444698662e+03 1.172829233409611106e+03 1.266511346300534115e+03 8.945956331045003935e+02
2.011200000669800536e-01 1.037222513481126498e+03 1.029697124026363099e+03 1.021967795086878368e+03 1.138170760934691543e+03 7.350471839424805012e+02
2.140276345641045352e-01 8.998576034390113136e+02 8.974502955400323572e+02 8.870864454594304789e+02 1.032827982267598145e+03 6.107625604513702910e+02
2.268545440704130833e-01 8.058199040767386805e+02 8.067887290167865331e+02 7.949450839328537768e+02 9.134169664268584938e+02 5.091091127098321181e+02
2.392177472712524178e-01 7.267520651675080217e+02 7.280917278568150550e+02 7.164837654887563758e+02 8.872091555759523089e+02 4.604937471317118138e+02
2.515607053886863564e-01 6.743318931267381231e+02 6.811966130313866188e+02 6.672172228843861603e+02 8.345576082638060598e+02 4.005080452920142875e+02
2.642978733033202743e-01 6.348343104655232310e+02 6.441950910045502496e+02 6.286803902695135093e+02 7.655057752887644256e+02 3.653242474623731368e+02
2.769124693633002732e-01 5.492072049481778322e+02 5.560709628886659175e+02 5.416843864928117682e+02 6.989408642594449930e+02 2.788916123370109972e+02
2.892992668117909116e-01 4.977623447440169571e+02 5.070746364737958061e+02 4.920978870039381832e+02 6.433990457437140549e+02 2.364782830960315039e+02
3.017068155851805322e-01 4.659130434782608745e+02 4.779145161290322790e+02 4.613985624123422440e+02 6.031454417952314770e+02 2.146229663394109366e+02
3.143455994375493612e-01 4.355486059248195261e+02 4.465295307443365687e+02 4.301088810057256637e+02 5.971448220064725092e+02 1.952337876524769626e+02
3.270833513749468735e-01 3.907552289100627263e+02 4.073101905647222907e+02 3.883039739716476788e+02 5.560503718336044585e+02 1.561580438066465319e+02
3.396510088875044908e-01 3.633714427531435831e+02 3.822815188616809792e+02 3.622724465034193599e+02 5.190590116920361652e+02 1.275982241341275056e+02
3.522024880844147887e-01 3.328618249347520646e+02 3.517384059425818350e+02 3.316353643846617274e+02 4.900124472997389944e+02 1.131950035133507413e+02
3.647994661500668645e-01 3.161984123222748622e+02 3.310403080568720497e+02 3.130325118483412439e+02 4.776905213270142099e+02 9.791125592417061796e+01
3.773011588304836517e-01 2.835714190272581732e+02 3.023924371993586533e+02 2.822981248886513299e+02 4.565072153928380772e+02 8.577666800285052773e+01
3.898160467720220290e-01 2.682807096986662145e+02 2.882551457269883031e+02 2.674516919150337912e+02 4.277760991272847377e+02 7.296369689609748832e+01
4.022847961267365102e-01 2.458435863874345841e+02 2.665342297318737224e+02 2.451570085673488961e+02 4.151064175789306887e+02 6.169828355544979104e+01
4.147905422248558405e-01 2.316046587451094183e+02 2.518102448920446363e+02 2.307364874655847018e+02 3.878367627880017494e+02 5.026894200115925315e+01
4.274775824549076342e-01 2.105285854683475577e+02 2.301511623966381705e+02 2.094409482174325490e+02 3.801957774162938790e+02 4.546740714382539750e+01
4.400658885577767854e-01 2.027671284717651474e+02 2.220968474397788555e+02 2.015862182440436925e+02 3.646945175727260562e+02 4.199793092668158323e+01
4.525857830454776409e-01 1.898986872493010765e+02 2.104298498845265613e+02 1.888798012641302932e+02 3.479477026862768980e+02 3.098641667679591549e+01
4.651967131363229369e-01 1.770725778244141111e+02 1.990778972834324350e+02 1.770494491080797275e+02 3.385304010726360957e+02 2.575594613501224117e+01
4.777779151657697287e-01 1.629742828205409069e+02 1.835469725172451660e+02 1.618501313916566176e+02 3.295524745428665483e+02 2.367078349118580860e+01
4.902434409968058349e-01 1.539604400000000055e+02 1.755010000000000048e+02 1.534898000000000025e+02 3.141891466666666588e+02 1.749092166666666515e+01
5.027471460218637667e-01 1.475905036077888610e+02 1.680575392903034526e+02 1.463071439161806779e+02 2.990990165068695887e+02 1.623199657754274838e+01
5.154137409039032391e-01 1.390543589743589621e+02 1.605740792540792654e+02 1.383292307692307759e+02 2.937050815850815866e+02 1.506292395104895121e+01
5.280405180331148030e-01 1.316032123668153986e+02 1.535497905473089872e+02 1.309170499043802920e+02 2.846719788725981175e+02 1.033819423891266709e+01
5.405792498434101034e-01 1.240571882192481468e+02 1.465941842127695907e+02 1.235687814338078709e+02 2.754654334668826436e+02 9.837235476515216348e+00
5.531226886547442323e-01 1.154996256551035714e+02 1.365465747441976703e+02 1.143276661675401442e+02 2.688077323018051743e+02 6.661991254887280611e+00
5.657393635444961655e-01 1.096487705233947452e+02 1.292948720419332460e+02 1.079980825560780033e+02 2.623822939952208344e+02 7.177311772527557032e+00
5.782969097227933508e-01 1.037113772111187728e+02 1.238379278658396601e+02 1.019248315338081170e+02 2.520709089516808490e+02 5.180647685504250255e+00
5.907042650346763235e-01 9.665057623791172148e+01 1.173888333454519000e+02 9.499541009234349076e+01 2.447364393223296588e+02 4.669612709499745051e+00
6.032146829326080484e-01 9.239223663386775343e+01 1.133210882130324109e+02 9.097670818138031734e+01 2.398882543177595892e+02 4.290840780465148718e+00
6.158760761314229226e-01 8.670483579638751337e+01 1.074896715927750392e+02 8.514470443349753737e+01 2.314358620689655197e+02 2.981731578407225136e+00
6.285516376584293630e-01 8.378877354924074439e+01 1.044544530905425006e+02 8.225874236027975428e+01 2.278883025644256861e+02 2.670462488579799398e+00
6.410921723380569315e-01 7.896300775193797961e+01 9.883987596899224570e+01 7.722227906976743839e+01 2.217765736434108419e+02 2.131189680232558281e+00
6.536251714803876789e-01 7.342098540145985908e+01 9.293270802919708728e+01 7.151445255474452267e+01 2.144047153284671481e+02 7.203022924270072735e-01
6.662471581885285321e-01 7.220671151351047001e+01 9.285008743724262104e+01 7.078365628701979517e+01 2.094921870592880850e+02 1.804930772973430297e+00
6.788088574284889543e-01 6.740978207169128211e+01 8.695869243014766425e+01 6.531422572322556164e+01 2.071079348959762854e+02 8.189375823406708221e-01
6.912778451984193939e-01 6.504358181625178759e+01 8.511283238681598107e+01 6.352958309006952931e+01 2.005319781327955013e+02 1.247559137983652588e+00
7.037611348899489583e-01 6.150062986715528979e+01 8.094847177686160933e+01 5.963673843334860436e+01 1.947899552094467310e+02 1.178589308323153784e+00
7.164059511675825442e-01 5.870478684883889997e+01 7.768656761454160176e+01 5.670831724038043831e+01 1.934518056293149471e+02 4.967140201805629873e-01
7.290231078637852136e-01 5.570486853991346976e+01 7.433875338753387041e+01 5.368484643179765214e+01 1.876238054485808107e+02 6.560732873639043561e-01
7.415276440923913581e-01 5.327491377328121303e+01 7.183968153598529227e+01 5.115160381696941982e+01 1.850660036790066840e+02 -1.146021692307139656e-01
7.541076813890378316e-01 5.087397706883725590e+01 6.965298564614241172e+01 4.890179860837600501e+01 1.810852588508161602e+02 4.980984574663034903e-01
7.667171699890229508e-01 4.904477419908221947e+01 6.703480829437749833e+01 4.684279173993224532e+01 1.757991594115881355e+02 -3.121465997180169483e-01
7.793022222120591369e-01 4.620302137825925826e+01 6.505202454998558892e+01 4.435323042385797265e+01 1.703890925567409624e+02 -3.481309952578572342e-01
7.917534700707470341e-01 4.432535809289952766e+01 6.176490178023326649e+01 4.194449048496009880e+01 1.697977593615715080e+02 -1.527031018198792556e-01
8.042247101329834669e-01 4.231555747371687914e+01 6.001066357605616730e+01 4.012602319897582959e+01 1.665795476587655628e+02 6.400476320945027719e-01
8.169069412918711359e-01 4.031907006840451402e+01 5.846339896468847996e+01 3.845898271399519075e+01 1.646818820484377852e+02 -4.567888877334073117e-01
8.295386860910297644e-01 3.819018807305666741e+01 5.574002559192841488e+01 3.618771403321427016e+01 1.598590786905770074e+02 2.305543524977445857e-01
8.421082558394776818e-01 3.674801221226498171e+01 5.414248813916710645e+01 3.461789448251625601e+01 1.573591811632402084e+02 6.305700183815454718e-02
8.546571057087767320e-01 3.518375969868828435e+01 5.242109703907310347e+01 3.313240014265335276e+01 1.532747468772833201e+02 -2.555275455794857598e-01
8.672421743714600062e-01 3.300376076270906367e+01 5.023427242437237794e+01 3.097939003067990527e+01 1.506277504700953216e+02 2.720580124451555185e-02
8.798357802984142495e-01 3.188061219488285758e+01 4.888568931150540919e+01 2.990081242035094888e+01 1.476272914420154905e+02 4.267933609960625208e-02
8.922963230739829887e-01 3.039129175323637710e+01 4.756278568003835971e+01 2.854566885088700801e+01 1.440814927281444966e+02 5.293034301582227874e-01
9.048371182735083229e-01 2.892958314316141966e+01 4.574695724935341445e+01 2.709962155788833371e+01 1.427928647497337522e+02 -3.021445449186064280e-01
9.174303848009155438e-01 2.771251274630357386e+01 4.457665027142128622e+01 2.583674047026362430e+01 1.397286536904297805e+02 -3.290543789176139100e-01
9.300506975052911240e-01 2.664794362822462759e+01 4.343055396137622637e+01 2.490775739619501294e+01 1.370727280553244043e+02 1.155200802704166585e-01
9.426276052811525252e-01 2.539468197526633020e+01 4.172827592608459923e+01 2.355449761517150975e+01 1.347832519349955760e+02 1.000196299856481869e-01
9.551602645742062192e-01 2.426999250817914344e+01 4.085660723613669632e+01 2.259181604486844819e+01 1.325097187474225393e+02 4.255405527022104728e-01
9.677618356735139260e-01 2.297716426378320875e+01 3.933134427980242975e+01 2.126557869443331938e+01 1.318525964490722231e+02 -7.596133589474035608e-02
9.802998330311560871e-01 2.188253248725601807e+01 3.788446554501994257e+01 2.023404855920340140e+01 1.273379202873669556e+02 -2.562457595711946645e-01
9.927986287560246481e-01 2.110961621883691919e+01 3.727482839572328999e+01 1.950080379698384903e+01 1.263182653295567661e+02 -2.693500119213937949e-01
1.005331822259715402e+00 2.024982350368611606e+01 3.602420967137323515e+01 1.852944833187554607e+01 1.241813320004998076e+02 -2.363706871641884089e-01
1.017928682685577568e+00 1.941205701680571494e+01 3.530345550934051602e+01 1.784322632414108156e+01 1.214580818887793612e+02 -9.400641427794341476e-02
1.030549463088559881e+00 1.826463840266458760e+01 3.406498181088039701e+01 1.675419885195946179e+01 1.200571303711052735e+02 -1.612233451702867748e-01
1.043132341734771762e+00 1.749307738081482810e+01 3.325030908418644771e+01 1.606554029071245537e+01 1.168285420470039071e+02 -1.225773698921671789e-01
1.055657279375913360e+00 1.666164732112465074e+01 3.206453808972700159e+01 1.517340356729525475e+01 1.155559715887171706e+02 -2.475069257111330301e-01
1.068232064130550052e+00 1.605680291245165847e+01 3.166108337521029270e+01 1.473720067075968387e+01 1.131393956608184510e+02 7.235630626078785876e-02
1.080860857380532281e+00 1.542106873671326284e+01 3.068909843458094144e+01 1.409209452640168259e+01 1.116725396723141870e+02 1.509553846677779143e-01
1.093395375691147864e+00 1.467688906412074878e+01 2.976628156819577242e+01 1.333364116513897457e+01 1.093618620207879104e+02 1.280341445850819923e-02
1.105919074631811716e+00 1.393551591381047494e+01 2.877189690976006275e+01 1.262464404671340823e+01 1.081900816251002340e+02 2.526933022313259530e-02
1.118488029549241203e+00 1.323316907412980292e+01 2.806991674189989183e+01 1.195826938509379112e+01 1.059567358812318218e+02 3.837763473016351234e-01
1.131109169103769574e+00 1.272014816258894676e+01 2.745599473632907817e+01 1.148453309289404523e+01 1.052175260746661536e+02 -2.477232262525587425e-01
1.143709024866502499e+00 1.203525224053194620e+01 2.662002505541100561e+01 1.082615640358485187e+01 1.032908933217693033e+02 9.583925274946998585e-02
1.156245280464029079e+00 1.156295605852594299e+01 2.603617437421247516e+01 1.037526916856299231e+01 1.017947548567882166e+02 -2.042349713729242344e-01
1.168810962005284670e+00 1.105339786818491632e+01 2.545797173548541537e+01 9.927904989589666940e+00 9.995011331601348559e+01 3.604679446098888601e-02
1.181338535766735198e+00 1.057763194732944356e+01 2.460527337752650467e+01 9.436452933367050377e+00 9.750731535502049496e+01 6.336271428881878887e-02
1.193832022261898551e+00 1.013875064546571636e+01 2.419471252292516539e+01 9.030429813393636707e+00 9.682100568009829544e+01 2.886703517565570865e-01
1.206341711659521643e+00 9.617790577271550845e+00 2.357536888428682431e+01 8.537088510656657192e+00 9.581846578652169910e+01 -1.087496595640262409e-01
1.218937622447507030e+00 9.205674393344896345e+00 2.295350942188841614e+01 8.188583538218008329e+00 9.378899685095059624e+01 2.649849217684354108e-01
1.231623684652875195e+00 8.810184958053278947e+00 2.257654663199725320e+01 7.847211830937546040e+00 9.186686617933244747e+01 5.573598435021422798e-02
1.244204536342769174e+00 8.388371283479401086e+00 2.193068023589155757e+01 7.353469776394463864e+00 9.119275943975756604e+01 -5.990123512879842738e-02
1.256732101643581068e+00 8.055015499562832915e+00 2.142242468802162136e+01 7.074874314442412881e+00 8.881247913520387272e+01 4.154927631448215863e-03
1.269292323845431003e+00 7.727947772837194584e+00 2.078462633590763531e+01 6.718318999141898118e+00 8.784012013417583375e+01 1.394833230946251612e-01
1.281879294795338575e+00 7.380319900148098355e+00 2.049855336885658730e+01 6.438790612547139247e+00 8.599141945432614875e+01 1.551398734150037373e-01
1.294474366866166459e+00 7.056715144104933835e+00 2.004503933533749205e+01 6.154431862371187556e+00 8.542960021537219006e+01 -5.556239475016264834e-02
1.306953485902825340e+00 6.744770270976800930e+00 1.954896329713338332e+01 5.821805024423763797e+00 8.414427199259071699e+01 2.362641567499589312e-01
1.319527404481935839e+00 6.472260171626179392e+00 1.921867928958715765e+01 5.558745232606128184e+00 8.235374062531130335e+01 -2.499773470965148126e-01
1.332150318721725180e+00 6.151382260267152624e+00 1.857116057584249802e+01 5.230995366089591592e+00 8.211514716132978720e+01 -1.726034661418694993e-01
1.344680388661143589e+00 5.916208198114127015e+00 1.831114635709013072e+01 5.038509182138529496e+00 8.050770923576193638e+01 1.329605002863977481e-01
1.357215874765928199e+00 5.681387123231494307e+00 1.800062880185906522e+01 4.848411762695645777e+00 7.897877110245369181e+01 -2.498390350539949345e-01
1.369827102883646175e+00 5.448430136076999553e+00 1.751045967474277987e+01 4.578790242283438339e+00 7.757492864254895437e+01 1.012151769415864516e-01
1.382450188695815596e+00 5.223573041326013744e+00 1.704108410021459719e+01 4.303449649143594513e+00 7.643422594362600364e+01 -9.487630542609634676e-02
1.394942087226231697e+00 4.995342181775511925e+00 1.669749442626370595e+01 4.067774270199089770e+00 7.527463852201462657e+01 1.344583157456420708e-01
1.407461509780042475e+00 4.820121178721193722e+00 1.638011034674977395e+01 3.917728089012200154e+00 7.427769120646624401e+01 -9.102046123175668024e-02
1.420043587303239985e+00 4.649556433542058720e+00 1.608668413648869233e+01 3.785752576902488897e+00 7.312455028694493819e+01 -1.077883853044977608e-01
1.432650157448474015e+00 4.453429117256340497e+00 1.574306985899013966e+01 3.560221691387063903e+00 7.192563771312963183e+01 8.392719233883498553e-02
1.445201889518385352e+00 4.277021815944822336e+00 1.538015018727953809e+01 3.397529607137229402e+00 7.077194322217778222e+01 -3.277561774026631347e-02
1.457743340213754291e+00 4.130633279364144705e+00 1.512305710921401136e+01 3.246034736532234177e+00 6.941853988813659271e+01 2.627798310089785039e-02
1.470375891832650161e+00 3.935822118552946502e+00 1.479506145005954210e+01 3.074368373741227511e+00 6.867255153596244099e+01 4.850844143456695817e-02
1.482937029395567929e+00 3.802671455024325464e+00 1.445109376976778925e+01 2.920914824548288102e+00 6.807857660413814926e+01 3.124058502863094958e-02
1.495420895544604889e+00 3.649337021575082662e+00 1.421745494348844296e+01 2.784807074409711536e+00 6.603256626955842989e+01 7.462641614765412601e-02
1.507977045351776457e+00 3.509473561897009208e+00 1.384952998316850348e+01 2.613513774600939588e+00 6.560529037084300796e+01 1.029947651669123609e-01
1.520582956583388823e+00 3.377487054709103820e+00 1.365611749715339229e+01 2.517737251260641074e+00 6.426170362739250663e+01 -6.831774017411755551e-02
1.533178487405025159e+00 3.296152172055414997e+00 1.341591763600047038e+01 2.417474111043462326e+00 6.321510131273966238e+01 8.271606209310677915e-02
1.545747637411611253e+00 3.180332457293035819e+00 1.313211563731931797e+01 2.297442017082786059e+00 6.261004993429698118e+01 -6.106152985381078230e-02
1.558298828178782625e+00 3.044802214779041449e+00 1.291910603936231006e+01 2.191593316715999329e+00 6.152761593186892952e+01 6.558332988491197280e-02
1.570903180355716744e+00 2.957698835836855888e+00 1.264728958810414916e+01 2.094331324966961727e+00 6.042498007606403831e+01 1.086490235537492383e-01
1.583481949620817009e+00 2.852096943566545750e+00 1.241573603804638637e+01 1.980308022506739984e+00 5.970165190787281517e+01 -1.983768978465750080e-02
1.595988077022332474e+00 2.767763857955951590e+00 1.219318485523385398e+01 1.886383166295471536e+00 5.891082900272209599e+01 -3.002494934731502266e-02
1.608514369353752693e+00 2.661586931027434932e+00 1.194295675954491820e+01 1.812080296055512685e+00 5.786630787048300562e+01 -8.556553547836516505e-02
1.621123892569034330e+00 2.589341659309048360e+00 1.169797689233193694e+01 1.729689116895939405e+00 5.698550311868075369e+01 -1.646950479557985139e-02
1.633728373455076266e+00 2.507018914822102928e+00 1.149708722096165303e+01 1.631708512611450557e+00 5.588397842072063071e+01 -3.961263183267349497e-02
1.646251339251006307e+00 2.430552828653970376e+00 1.133179302349498485e+01 1.567657934348675619e+00 5.506250993371291713e+01 -3.710627527983853535e-02
1.658822149745228902e+00 2.359028271129532506e+00 1.112538010081721573e+01 1.494234713385883540e+00 5.418064743839198627e+01 1.503474694872937618e-02
1.671422741487400998e+00 2.288447789610061456e+00 1.091632659510116454e+01 1.420095972409060936e+00 5.311957728803459844e+01 1.591076825361871505e-02
1.683989600492121985e+00 2.228882492908083268e+00 1.064353066977738749e+01 1.350270531208851432e+00 5.257683130517775538e+01 1.042753418991423410e-02
1.696518670180760191e+00 2.167303002938924639e+00 1.054212275730991522e+01 1.303849584678874018e+00 5.224391316972730692e+01 -1.201791555279175736e-02
1.709060223180288274e+00 2.110609375134142152e+00 1.031858736617989258e+01 1.238333934289712612e+00 5.075621345970587583e+01 -4.343055915503386821e-02
1.721687082845960282e+00 2.054505441135658472e+00 1.008713385866503032e+01 1.157679927507589968e+00 5.033224566685449020e+01 1.459548516847705181e-02
1.734278672423484435e+00 2.008747844990310227e+00 9.969759603687951000e+00 1.128240641700014146e+00 4.947966425892834508e+01 -3.110860821176666610e-02
1.746789616222764074e+00 1.955176162299414377e+00 9.803538882767648843e+00 1.099685503980647683e+00 4.855268455541840922e+01 -1.053375104331491507e-01
1.759329241190461302e+00 1.902605487646767957e+00 9.675740829275010668e+00 1.043966417056292340e+00 4.790264891539514736e+01 1.886630414731198593e-02
1.771913017457520167e+00 1.844221052115595505e+00 9.440267540595263185e+00 9.868796292405944692e-01 4.711695197394220003e+01 -8.245883655379421598e-03
1.784506984840462440e+00 1.816289232122244579e+00 9.322584824618573407e+00 9.517132398842568231e-01 4.659358780064545869e+01 5.591204397228181563e-03
1.797043571570827281e+00 1.769340219638547484e+00 9.159161301480240880e+00 9.140443826694650831e-01 4.570186464794156933e+01 -4.356577937500982593e-03
1.809548984082922862e+00 1.734363957342694995e+00 8.987247171159268078e+00 8.628212693102468300e-01 4.496191339483933547e+01 4.370574234983906625e-02
1.822122154412412876e+00 1.687499646191701785e+00 8.844388506042102804e+00 8.300372159155238183e-01 4.433107399216527256e+01 1.984457673205673039e-02
1.834730406145743231e+00 1.659234031824711186e+00 8.631315076547510401e+00 7.842490915332575030e-01 4.344128876682966478e+01 4.000250981817408090e-03
1.847312995744837982e+00 1.620305860171894485e+00 8.585637902210176975e+00 7.670388115789396055e-01 4.289809693550644454e+01 3.044977556920703404e-02
1.859889607793621558e+00 1.587342970978206314e+00 8.427385643682915983e+00 7.340695145979838632e-01 4.240094924996189718e+01 -2.251647256890771092e-03
1.872489012897199601e+00 1.563645762696741492e+00 8.292108033834184155e+00 7.024969105785360268e-01 4.169228380741639484e+01 -5.857940829580067690e-06
1.885078020575032820e+00 1.532173244730124395e+00 8.131296095943202573e+00 6.763652663753296768e-01 4.088827368703903886e+01 -2.059334985086216582e-02
1.897623285193987819e+00 1.503505146053231378e+00 7.990955395027527608e+00 6.527930707998738091e-01 4.016803310306133312e+01 1.156874867129694534e-02
1.910142874919707578e+00 1.477533409685186649e+00 7.862201865560944469e+00 6.267545151369848799e-01 3.967319222039008508e+01 6.593397467156270238e-03
1.922710527229661404e+00 1.448277691748677265e+00 7.772203148665077777e+00 6.011290470465983082e-01 3.893787227395287687e+01 -1.361492012956789024e-02
1.935309720949742740e+00 1.429503807204054677e+00 7.632749634388209081e+00 5.798557607229430921e-01 3.847347561586387599e+01 -4.960133289704772575e-02
1.947863979464039774e+00 1.396834202621700216e+00 7.561975343214716538e+00 5.581484532834596335e-01 3.783888411044213029e+01 5.409003517002796378e-03
1.960397858295695572e+00 1.374755196856057404e+00 7.390744234252496270e+00 5.379802984554924450e-01 3.713281980526911497e+01 -3.918119785161741642e-02
1.972977325685492334e+00 1.361689937707935227e+00 7.310792679395355265e+00 5.164854473541959923e-01 3.661997335855904367e+01 2.655053844950353015e-02
1.985558787232839961e+00 1.338155319532901899e+00 7.211391105205664509e+00 4.962623609789128531e-01 3.608690694450655201e+01 -7.009091580340773113e-03
1.998072233306018353e+00 1.322497259101523159e+00 7.068240066319459558e+00 4.795009567436385733e-01 3.556361732152914357e+01 -5.828263033703954404e-02
2.010620344776472113e+00 1.301649135833504056e+00 6.974688720059090130e+00 4.631412196090844979e-01 3.510678174403664542e+01 3.585076475786579120e-02
2.023251610983708204e+00 1.289027641662760848e+00 6.863371296741558325e+00 4.544160900378010903e-01 3.436637529598675656e+01 -3.085652403503752819e-02
2.035835533884408299e+00 1.272367011951583970e+00 6.756814994359584325e+00 4.332352929967377420e-01 3.389556998688984635e+01 2.231640630954831103e-02
2.048395379966132079e+00 1.257694921737522398e+00 6.679116385609725981e+00 4.264095224318633637e-01 3.320483056054306559e+01 1.641980668511879710e-02
2.060945147469124716e+00 1.239759316308003623e+00 6.565601839449950461e+00 3.997047727475667167e-01 3.280473554186385599e+01 -4.831595943276185273e-02
2.073515553396622302e+00 1.225343575069899549e+00 6.460845448257020784e+00 3.845761514505938172e-01 3.232865496736091160e+01 2.007942221659507129e-02
2.086066723810456658e+00 1.217295046375226120e+00 6.393635916652604223e+00 3.821542114465928397e-01 3.173566702936709660e+01 -2.379335699068713117e-02
2.098603368989102158e+00 1.206222279358630800e+00 6.294284035755538298e+00 3.652500556546552368e-01 3.130140427541550707e+01 -6.161146337203554299e-03
2.111186118591347416e+00 1.187650493852586031e+00 6.194316392915379943e+00 3.588913169896010280e-01 3.075172516913146126e+01 -3.394391545066693244e-02
2.123742914204882481e+00 1.180171415443739713e+00 6.116813919892014617e+00 3.513523748068695940e-01 3.020769398102441272e+01 4.611260984728055706e-02
2.136356002083211969e+00 1.171981351161634599e+00 5.995180568225891626e+00 3.353635792850470643e-01 2.987209181638906941e+01 -3.605606586141368169e-02
2.148940360987024345e+00 1.159673225171537148e+00 5.941234520652797890e+00 3.333594027637297730e-01 2.927869112380744099e+01 3.369778923826576705e-02
2.161474107539247402e+00 1.148642639563858037e+00 5.858111871740639742e+00 3.152369881223394121e-01 2.866247423457168964e+01 -1.972468385844688976e-02
2.174040978425872961e+00 1.143820930167612548e+00 5.779925316368162314e+00 3.060838909228003057e-01 2.828782720633214964e+01 -1.019959917161975503e-02
2.186628925943498114e+00 1.132787601067587691e+00 5.672609702488420780e+00 3.042535676204307094e-01 2.790535102179658011e+01 -1.456217026290655865e-02
2.199175739201659319e+00 1.124988787197041429e+00 5.599283559182646641e+00 2.956663089482423623e-01 2.741676924608059096e+01 -4.559323134647921133e-02
2.211694927763240948e+00 1.118453185402516592e+00 5.492467413123052644e+00 2.901836164310246380e-01 2.696263097639986128e+01 -3.666373848822688380e-02
2.224268561340358108e+00 1.113144624813943606e+00 5.454498117846673821e+00 2.855516395181078027e-01 2.648773679317649510e+01 -1.100441335069964749e-02
2.236856754825670812e+00 1.102777466592232525e+00 5.386125074475915042e+00 2.768395120701049872e-01 2.615265685003179286e+01 -1.617256445960839339e-02
2.249431291560397561e+00 1.097330811715918175e+00 5.317729388248280564e+00 2.634427085664135526e-01 2.565058102242045379e+01 1.607325093286481044e-02
2.261992248723002863e+00 1.087166428701323628e+00 5.218771656484535448e+00 2.553797741028993595e-01 2.533429010965246420e+01 -6.772911946269801614e-03
2.274568913392634784e+00 1.086235775429825523e+00 5.171808464255090776e+00 2.524444884483652563e-01 2.487494489417258947e+01 -2.145211718027114495e-02
2.287142576871707966e+00 1.079605016058900357e+00 5.090736999995185030e+00 2.484026683475945574e-01 2.439166381763638114e+01 7.133893620469440242e-03
2.299695334405141622e+00 1.075329296479906604e+00 5.016035229425758857e+00 2.426752085499855049e-01 2.397117635606459984e+01 4.560682363766584493e-03
2.312260888170544426e+00 1.067307884607240132e+00 4.956155974570489064e+00 2.331684885993063894e-01 2.361899966589650290e+01 8.670366068043736324e-04
2.324838707629530266e+00 1.064110853137510526e+00 4.891572999828361468e+00 2.344203378616591393e-01 2.322826565971915969e+01 9.100529260642763229e-04
2.337410890774656025e+00 1.063969400780879315e+00 4.836187388059357772e+00 2.296551659886919561e-01 2.279808325391014989e+01 -9.170303546007603154e-03
2.349977491451534561e+00 1.068139538786022635e+00 4.761238549852792268e+00 2.227977237357626761e-01 2.243697356625727579e+01 -2.595660159840613469e-03
2.362547955005368294e+00 1.057467050825429800e+00 4.701512463517846463e+00 2.179652331822331257e-01 2.211290467646119851e+01 2.472070371347849516e-02
2.375125318102422334e+00 1.059180570715733571e+00 4.659720768082689091e+00 2.195958335189681365e-01 2.179945200597001431e+01 1.704131365592490704e-02
2.387646426312606707e+00 1.058099446204989746e+00 4.583469257774878791e+00 2.069357561448943728e-01 2.135428234114039014e+01 2.006325050576375328e-03
2.400187392252794538e+00 1.053070749030581732e+00 4.529074385164746808e+00 2.003089714429642509e-01 2.107077296683305789e+01 7.070639307180167678e-03
2.412769369181535506e+00 1.051486525223167101e+00 4.472339216075801538e+00 2.024334736539798729e-01 2.069372886552970670e+01 -1.731344224513394273e-02
2.425315432519591585e+00 1.048123410384205201e+00 4.404782816734960527e+00 1.956138646610746379e-01 2.032299922499539591e+01 1.892257258108110893e-02
2.437900122028386907e+00 1.046141943790557916e+00 4.350856585491158945e+00 1.928350713672100369e-01 1.993441249173576324e+01 -1.433556900000960586e-03
2.450481568052802483e+00 1.045834459728491650e+00 4.294223845628329705e+00 1.865954948646858791e-01 1.975457578386625102e+01 -8.463678270730648490e-03
2.463064488743428093e+00 1.046408123052798844e+00 4.241360616501950176e+00 1.792728815482699800e-01 1.934220810035694527e+01 -1.595438104954144051e-02
2.475646233087212433e+00 1.049178982464425980e+00 4.208062976119586907e+00 1.803135298813166310e-01 1.911751504075891717e+01 4.677809082001172132e-04
2.488209261047078957e+00 1.043161594339507836e+00 4.143300717190268045e+00 1.751613355033508068e-01 1.868403288777533078e+01 -1.154409616960495703e-02
2.500771832473523304e+00 1.044321088426465094e+00 4.098080731863587900e+00 1.698848290525102611e-01 1.845848662763286541e+01 -8.250458438681187306e-03
2.513305501484202509e+00 1.046091728755316863e+00 4.045839213317865557e+00 1.774353538056455681e-01 1.808694204926430515e+01 1.224663764078327312e-02
2.525870183863226703e+00 1.047438045901974535e+00 3.997563964669008207e+00 1.663135007383563790e-01 1.785356947628804392e+01 4.531293339879159145e-03
2.538466955022124161e+00 1.041810081634716889e+00 3.938210511782390899e+00 1.679400214295992955e-01 1.752944916984610657e+01 3.281783020567165254e-02
2.551029233877546432e+00 1.048581781160032422e+00 3.903399007668194809e+00 1.682725420317034704e-01 1.722851917436133817e+01 -1.110813687075953501e-02
2.563573744423298439e+00 1.046522975419152512e+00 3.850640401299650684e+00 1.578267705395310361e-01 1.702400296975518756e+01 8.710023092680950485e-03
2.576158924096744851e+00 1.046830303133091444e+00 3.793206735788398731e+00 1.540695407870982803e-01 1.671833459591676885e+01 -2.578953367947199767e-03
2.588722299274238026e+00 1.049415423683406345e+00 3.761654736794442844e+00 1.506693101678734936e-01 1.641840457925975727e+01 1.732136284424158970e-02
2.601255852008645508e+00 1.049297568280761039e+00 3.703077505483615806e+00 1.524826381156773880e-01 1.615301237014686109e+01 -2.723680850680719901e-03
2.613829287457710926e+00 1.051720521750316939e+00 3.670283296271111606e+00 1.491595241486409484e-01 1.586714020546560633e+01 3.580126887617619044e-03
2.626428738273145935e+00 1.049951483925052553e+00 3.639083724365185901e+00 1.479743121105558668e-01 1.564155715960269077e+01 7.894276029914730399e-04
2.639012357326859792e+00 1.052305061355784277e+00 3.572728446050593920e+00 1.429863131834608336e-01 1.537983725102981758e+01 1.852416981169965893e-02
2.651568665146333714e+00 1.054579711845400336e+00 3.534496687816395255e+00 1.393839807601362779e-01 1.509181322795490132e+01 1.021543840767646450e-03
2.664114527126237419e+00 1.056853427355786801e+00 3.504154223039397831e+00 1.372037636215649448e-01 1.485974924983969281e+01 2.050317269249870514e-03
2.676681099150055587e+00 1.060097148260980893e+00 3.450619769883644494e+00 1.376501659088439078e-01 1.466364413999095540e+01 1.736633431090806728e-03
2.689267670960133749e+00 1.060776693852923724e+00 3.437013664215049058e+00 1.357553028805642548e-01 1.440350699248563515e+01 5.688525410773854867e-03
2.701814968746270473e+00 1.059361780870720082e+00 3.370176260821743597e+00 1.313885657666273576e-01 1.414856442201599940e+01 -3.792273178440734929e-03
2.714350974326155352e+00 1.063342523725126609e+00 3.336961894663511341e+00 1.325595027712040685e-01 1.389569993819002569e+01 -1.017974438635886256e-02
2.726934283389723657e+00 1.065000437382032983e+00 3.305604083465949916e+00 1.239934430545415467e-01 1.368617586795100038e+01 -2.972781721342224528e-03
2.739511373708950259e+00 1.069230575388492088e+00 3.255343973120537360e+00 1.298491442671146634e-01 1.347327341453170924e+01 4.660986799795254105e-03
2.752064373368643402e+00 1.067572696146184441e+00 3.227985861830090286e+00 1.214973858638188076e-01 1.325352998498513379e+01 -6.206666113293873854e-03
2.764627678881351081e+00 1.075216461798341072e+00 3.192626304368585188e+00 1.224720269739636713e-01 1.307224448534859462e+01 1.072392424320691047e-02
2.777220117250382536e+00 1.077168724980146264e+00 3.158166804427805285e+00 1.202647394288585275e-01 1.281761478744266647e+01 1.567169064318244334e-02
2.789790998696503710e+00 1.074129792242914050e+00 3.127130831514742582e+00 1.211220852559592026e-01 1.261904607492485120e+01 -3.937431289854291527e-03
2.802332480643674906e+00 1.082748128839560398e+00 3.088330297432877014e+00 1.112730588711252355e-01 1.243385311790711789e+01 -8.462985451037302251e-03
2.814868865729112546e+00 1.081372340628791395e+00 3.048262154054854456e+00 1.121363341716263701e-01 1.225440561600606237e+01 6.322611371742558294e-03
2.827445866387796602e+00 1.086723893902191040e+00 3.016762327770913465e+00 1.062316603392189640e-01 1.204031372671681588e+01 -6.067028741584038452e-03
2.840054951792685856e+00 1.087823545696892769e+00 2.979874921067448224e+00 1.092947794476743367e-01 1.186567312747101610e+01 -4.263320387592852909e-03
2.852614299579577128e+00 1.094657157254007140e+00 2.957926905726855793e+00 1.071529920321870610e-01 1.165825869152628513e+01 5.815291481715015526e-04
2.865168971825226674e+00 1.091787842966227551e+00 2.920446946395506949e+00 1.050615493351084173e-01 1.147623911613031567e+01 1.033762142735543052e-02
2.877753964209385895e+00 1.095839683478976756e+00 2.892507862325311319e+00 1.041237385470362292e-01 1.128510653110272344e+01 7.777940636889970130e-03
2.890335316623195983e+00 1.099929417313878499e+00 2.853190457777524003e+00 1.019978586345212379e-01 1.107591108650319178e+01 -7.118442943922403780e-03
2.902869162637184974e+00 1.101842714561884540e+00 2.832609322783197658e+00 1.012792882404951328e-01 1.096764600098907394e+01 1.221281783173357866e-02
2.915428292059371262e+00 1.107153783904782474e+00 2.796595973102967037e+00 1.029190686696100643e-01 1.081520660232035524e+01 -1.854662658874592363e-02
2.928027405839642938e+00 1.106509768983568565e+00 2.757865939577162973e+00 9.676229856369063242e-02 1.065767179027481149e+01 2.427832869175704060e-03
2.940622750486535431e+00 1.108953790156212538e+00 2.740644503051047565e+00 9.138434523456465119e-02 1.047160023031141307e+01 2.184321444029589058e-03
2.953170336541930396e+00 1.112172833509051717e+00 2.703762478180429252e+00 9.272714522503565371e-02 1.029395427256964091e+01 9.095391085398387560e-03
2.965695241717309472e+00 1.119010014611330206e+00 2.681111288679358662e+00 9.080699395249321182e-02 1.016462146096177932e+01 2.893333564496572961e-04
2.978268515696059104e+00 1.115987629346627763e+00 2.648424103891098280e+00 8.796928562293279685e-02 9.972118379620837914e+00 9.502015040486805689e-03
2.990820180302024678e+00 1.123815541726166822e+00 2.623400008731386013e+00 8.845223487393004402e-02 9.851125644643857981e+00 -5.543596315614780431e-03
3.003377609301782769e+00 1.125057879865732691e+00 2.601317401364365622e+00 8.687866159676123357e-02 9.698526201328768082e+00 -1.513235508285163886e-03
3.015946450254916478e+00 1.128750778816199229e+00 2.570798026998961650e+00 8.834369591554171175e-02 9.596890273451020192e+00 -5.863913362106265223e-03
3.028511172577768917e+00 1.132315604024552114e+00 2.550221459720304562e+00 8.912730067770775755e-02 9.404855025905320076e+00 4.726784576488189150e-03
3.041097310553618094e+00 1.134675660133452446e+00 2.515949660665741661e+00 8.376818031834143419e-02 9.269958801915155533e+00 -6.519130228464614348e-04
3.053657530620359495e+00 1.138997878250447515e+00 2.493722314002737139e+00 8.286439753684043952e-02 9.136200934541596652e+00 -1.104639366898345007e-02
3.066228860879191220e+00 1.142596876258068272e+00 2.466858315181601480e+00 8.179963733473481768e-02 9.017624953676424582e+00 -7.919105146015905164e-03
3.078821626553855939e+00 1.146233901116224585e+00 2.444376717192190629e+00 7.922116412879902370e-02 8.886991201087345971e+00 -4.510354334101185358e-03
3.091389716159610224e+00 1.152601498240070743e+00 2.415742725669206781e+00 7.789156743788987203e-02 8.765842649962014121e+00 3.198284994080446888e-03
3.103939929151266597e+00 1.155739551512105612e+00 2.392205713358306340e+00 7.701764274397475407e-02 8.672506066483952836e+00 -7.655153895719955283e-03
3.116491442190084893e+00 1.157511636682234002e+00 2.369571594348229393e+00 7.318128784667750353e-02 8.550077147132633115e+00 -3.539036119993512700e-03
3.129069689033189050e+00 1.154804758539669685e+00 2.353203867058947019e+00 6.956395830714851014e-02 8.442549447617972547e+00 -1.035719494884502524e-02
3.141633961597273039e+00 1.162304574443398852e+00 2.325030695614256349e+00 7.530678780278052264e-02 8.312598653090471856e+00 -6.852000751213799083e-03
3.154186184423857231e+00 1.167376510408900225e+00 2.297725098629922247e+00 7.169568238195368759e-02 8.198615137323685076e+00 3.133780142723531850e-03
3.166762677346359744e+00 1.171098810068821550e+00 2.274576337968973849e+00 7.142344309363343746e-02 8.097304673916578821e+00 -2.636473100173805303e-03
3.179342561278266643e+00 1.174704054352876170e+00 2.258582392709220787e+00 7.006722444661983573e-02 8.006560558138147599e+00 -6.633647283194734484e-03
3.191905660966189107e+00 1.180447316410351277e+00 2.227822864554382054e+00 6.936326508554134518e-02 7.897308998826508386e+00 5.915373992495830992e-03
3.204434626833930544e+00 1.186288351703468358e+00 2.211250457921613677e+00 6.767633900582452344e-02 7.788515817657457596e+00 9.037306459929400279e-03
